18195 102255
18195 9055160
18195 151107107
18195 157147068
18195 158068127
18195 171176130
30180 9033151
30180 28040193
30180 59067049
30180 85129120
42255 52062190
42255 65090214
42255 99067152
62156 22097210
62156 28040193
62156 83117054
102255 22097210
102255 104227200
102255 151107107
9013160 9055160
9013160 40089083
9013160 44068034
9013160 50072185
9013160 54022090
9013160 55042026
9013160 162184182
9013160 184255131
9033151 52062190
9033151 85129120
9033151 138139104
9055160 158068127
9055160 184255131
22097210 83117054
22097210 133151107
22097210 151107107
27057212 31054167
27057212 50072185
27057212 128126123
27057212 138190115
27057212 153106231
28040193 38040037
28040193 59067049
28040193 83117054
31054167 65090214
31054167 80101100
31054167 99067152
31054167 128126123
31054167 144131010
38040037 59067049
38040037 83117054
40089083 44068034
40089083 54022090
44068034 54022090
44068034 55042026
50072185 54022090
50072185 138190115
52062190 80101100
52062190 99067152
52062190 138139104
52062190 144131010
54022090 55042026
54022090 82096029
54022090 117083054
54022090 120099047
54022090 138190115
54022090 171176130
55042026 158068127
55042026 162184182
55042026 171176130
59067049 83117054
59067049 85129120
65090214 99067152
80101100 128126123
80101100 138139104
80101100 144131010
82096029 120099047
82096029 128126123
82096029 138139104
82096029 138190115
82096029 153106231
83117054 85129120
83117054 133151107
83117054 151107107
85129120 117083054
85129120 120099047
85129120 138139104
85129120 151107107
99067152 144131010
104227200 151107107
117083054 120099047
117083054 151107107
117083054 157147068
117083054 171176130
120099047 138139104
120099047 181181181
128126123 138139104
128126123 153106231
133151107 151107107
138190115 153106231
151107107 157147068
157147068 171176130
158068127 162184182
158068127 171176130
158068127 184255131
162184182 184255131
