18195 883 117
30180 221 567
42255 289 1007
62156 122 138
102255 632 86
9013160 1031 416
9033151 256 733
9055160 1004 159
22097210 359 65
27057212 924 757
28040193 131 362
31054167 879 900
38040037 111 404
40089083 1006 441
44068034 1025 417
50072185 1020 600
52062190 281 877
54022090 880 520
55042026 988 382
59067049 302 449
65090214 835 1019
80101100 625 823
82096029 786 659
83117054 253 258
85129120 502 500
99067152 563 982
104227200 599 111
117083054 709 407
120099047 673 589
128126123 700 766
133151107 342 102
138139104 539 714
138190115 914 687
144131010 633 905
151107107 595 254
153106231 857 754
157147068 795 309
158068127 953 299
162184182 1022 349
171176130 847 341
181181181 722 584
184255131 1022 315
